%YAML:1.0
calibration_time: "05/10/15 20:27:55"
nframes: 10
image_width: 640
image_height: 480
board_width: 9
board_height: 6
square_size: 1.
flags: 0
camera_matrix: !!opencv-matrix
   rows: 3
   cols: 3
   dt: d
   data: [ 6.2097540486324306e+002, 0., 3.2303833784006628e+002, 0.,
       6.2312802825748088e+002, 2.4547905368028526e+002, 0., 0., 1. ]
distortion_coefficients: !!opencv-matrix
   rows: 5
   cols: 1
   dt: d
   data: [ 9.3913519557827008e-002, -2.0703239596209599e-001,
       -4.2433777312810735e-003, -6.1478837008690571e-003,
       7.5119424709457247e-002 ]
avg_reprojection_error: 4.3296291899229378e-001
per_view_reprojection_errors: !!opencv-matrix
   rows: 10
   cols: 1
   dt: f
   data: [ 1.92188591e-001, 2.05953851e-001, 2.22012833e-001,
       2.77388394e-001, 3.24648649e-001, 3.04807633e-001,
       6.29765451e-001, 3.01883191e-001, 8.45424533e-001,
       5.17876804e-001 ]
extrinsic_parameters: !!opencv-matrix
   rows: 10
   cols: 6
   dt: d
   data: [ 3.4673719953805415e-001, -4.5387266372856916e-001,
       4.0562808958585564e-002, -4.6883345335309459e+000,
       -3.6049735446936362e+000, 1.4492120096006870e+001,
       4.2165813286283310e-001, -4.2556153726754464e-001,
       5.8557106293236072e-004, -4.7881004758143719e+000,
       -4.1190789031926851e+000, 1.4062769984658381e+001,
       4.5194275149680496e-001, -2.1317509571760804e-001,
       -1.6802275038945408e-001, -5.6213433961490056e+000,
       -3.2507925652885659e+000, 1.5430739454456747e+001,
       3.4008508960284994e-001, 1.4101601682230272e-001,
       -3.7082044157246230e-001, -3.3366061469396611e+000,
       -2.3012738262418133e+000, 1.7580638443822608e+001,
       1.1950664747161731e-001, 1.5026462002335142e-001,
       -3.7547984759955583e-001, -5.2246695021247200e+000,
       1.9395390873771357e-001, 1.8791412417482295e+001,
       -4.8833582787755285e-002, 1.1697982042338702e-001,
       -3.0924937698528615e-001, -6.7245459383883395e+000,
       1.3700161358202845e-001, 1.8787074186103631e+001,
       -1.3173645935275285e-001, 8.1582346879204112e-002,
       -7.7420466310456446e-002, -6.8749895827410388e+000,
       -2.8886691715019936e+000, 1.8016260805760339e+001,
       -1.4471039639948227e-001, 5.2502837565245361e-002,
       1.9825019224714489e-002, -5.9119482478832657e+000,
       -3.8369572169241506e+000, 1.6537886798433593e+001,
       -1.5853732644800550e-001, 1.3605400593542902e-001,
       -8.3117982759443682e-002, -4.4420804335497062e+000,
       -3.6098749315877785e+000, 1.6425815959891999e+001,
       -9.9700655590515080e-002, 2.7529208600508620e-001,
       -2.3663668759718615e-001, -4.4196048899277622e+000,
       -1.6913459478790958e+000, 1.9235152535751983e+001 ]
image_points: !!opencv-matrix
   rows: 10
   cols: 54
   dt: "2f"
   data: [ 1.18424515e+002, 8.75291672e+001, 1.62709030e+002,
       9.08438950e+001, 2.04451859e+002, 9.42167130e+001,
       2.43768799e+002, 9.72409515e+001, 2.80780304e+002,
       9.99860992e+001, 3.15607880e+002, 1.02511833e+002,
       3.48614197e+002, 1.04928261e+002, 3.80164978e+002,
       1.07169296e+002, 4.10064026e+002, 1.08966309e+002,
       1.18401184e+002, 1.31316910e+002, 1.61856476e+002,
       1.33530823e+002, 2.02594040e+002, 1.35389465e+002,
       2.41099228e+002, 1.37125504e+002, 2.77370605e+002,
       1.38722321e+002, 3.11370605e+002, 1.40204315e+002,
       3.44164337e+002, 1.41590912e+002, 3.74856934e+002,
       1.42693024e+002, 4.04419098e+002, 1.43734467e+002,
       1.18353615e+002, 1.73240082e+002, 1.60667313e+002,
       1.73926163e+002, 2.00597519e+002, 1.74565216e+002,
       2.38439560e+002, 1.75181076e+002, 2.73926178e+002,
       1.75653610e+002, 3.07522858e+002, 1.76343216e+002,
       3.39539307e+002, 1.76697052e+002, 3.70034210e+002,
       1.77033829e+002, 3.99024017e+002, 1.77409943e+002,
       1.18165527e+002, 2.13374664e+002, 1.59679276e+002,
       2.12771057e+002, 1.98857666e+002, 2.12406601e+002,
       2.35936432e+002, 2.11976135e+002, 2.70661560e+002,
       2.11555679e+002, 3.03918396e+002, 2.11130188e+002,
       3.35398041e+002, 2.10517807e+002, 3.65340149e+002,
       2.10187607e+002, 3.93807617e+002, 2.09605728e+002,
       1.17725555e+002, 2.51671295e+002, 1.58669327e+002,
       2.50069565e+002, 1.97102112e+002, 2.48463394e+002,
       2.33530884e+002, 2.46998444e+002, 2.67629242e+002,
       2.45564819e+002, 3.00217651e+002, 2.44333694e+002,
       3.31179443e+002, 2.43206879e+002, 3.60661407e+002,
       2.41787354e+002, 3.88808685e+002, 2.40848007e+002,
       1.17443001e+002, 2.88401703e+002, 1.57422272e+002,
       2.85643616e+002, 1.95163437e+002, 2.83225250e+002,
       2.31237595e+002, 2.80848846e+002, 2.64634277e+002,
       2.78635590e+002, 2.96635406e+002, 2.76448486e+002,
       3.27435303e+002, 2.74407257e+002, 3.56479980e+002,
       2.72710297e+002, 3.84170044e+002, 2.70679291e+002,
       1.07233765e+002, 5.91718483e+001, 1.53516434e+002,
       6.11037598e+001, 1.97134247e+002, 6.28843575e+001,
       2.38362198e+002, 6.45624466e+001, 2.77169037e+002,
       6.61408081e+001, 3.13691162e+002, 6.74144440e+001,
       3.48725159e+002, 6.85951538e+001, 3.82229553e+002,
       6.96282654e+001, 4.13765656e+002, 7.05594788e+001,
       1.09664688e+002, 1.04540794e+002, 1.54535172e+002,
       1.05143646e+002, 1.97097107e+002, 1.05641388e+002,
       2.37373566e+002, 1.06162376e+002, 2.75062164e+002,
       1.06522041e+002, 3.10654449e+002, 1.06797623e+002,
       3.45066406e+002, 1.06993919e+002, 3.77396454e+002,
       1.07115761e+002, 4.08516388e+002, 1.07126152e+002,
       1.11963409e+002, 1.47407608e+002, 1.55770370e+002,
       1.46728561e+002, 1.97051926e+002, 1.46130905e+002,
       2.36188995e+002, 1.45459503e+002, 2.72870178e+002,
       1.44805344e+002, 3.07750305e+002, 1.44121048e+002,
       3.41412140e+002, 1.43457230e+002, 3.73106598e+002,
       1.42697693e+002, 4.03413391e+002, 1.41940277e+002,
       1.14183655e+002, 1.88248322e+002, 1.56750473e+002,
       1.86431030e+002, 1.96975922e+002, 1.84640762e+002,
       2.35145065e+002, 1.83020386e+002, 2.70988464e+002,
       1.81397598e+002, 3.05017151e+002, 1.79840607e+002,
       3.37749115e+002, 1.78330612e+002, 3.68732422e+002,
       1.76830719e+002, 3.98562775e+002, 1.75365906e+002,
       1.16239403e+002, 2.26699066e+002, 1.57596893e+002,
       2.23830353e+002, 1.96883377e+002, 2.21098724e+002,
       2.34247665e+002, 2.18462585e+002, 2.69337372e+002,
       2.15966553e+002, 3.02468597e+002, 2.13634995e+002,
       3.34449951e+002, 2.11494125e+002, 3.65069427e+002,
       2.09261673e+002, 3.94279602e+002, 2.07111435e+002,
       1.18239220e+002, 2.63300842e+002, 1.58645691e+002,
       2.59324005e+002, 1.96751663e+002, 2.55766037e+002,
       2.33243835e+002, 2.52423294e+002, 2.67392151e+002,
       2.49101135e+002, 3.00155853e+002, 2.46026611e+002,
       3.31381744e+002, 2.43025024e+002, 3.61374390e+002,
       2.40307388e+002, 3.89862579e+002, 2.37477844e+002,
       9.23732758e+001, 1.11469162e+002, 1.34422119e+002,
       1.04933502e+002, 1.75289322e+002, 9.85966415e+001,
       2.15287231e+002, 9.22338638e+001, 2.53995850e+002,
       8.61094589e+001, 2.91832642e+002, 7.99132767e+001,
       3.28968811e+002, 7.37570953e+001, 3.65331696e+002,
       6.77086563e+001, 4.00745422e+002, 6.16700935e+001,
       1.03836380e+002, 1.50801804e+002, 1.44487152e+002,
       1.43930267e+002, 1.84152817e+002, 1.37299408e+002,
       2.22787186e+002, 1.30703308e+002, 2.60435455e+002,
       1.24157181e+002, 2.96946136e+002, 1.17785522e+002,
       3.33200562e+002, 1.11481766e+002, 3.68285736e+002,
       1.05148636e+002, 4.02789001e+002, 9.88740311e+001,
       1.14632782e+002, 1.87887817e+002, 1.54171799e+002,
       1.80713837e+002, 1.92481750e+002, 1.73743958e+002,
       2.29985306e+002, 1.66899612e+002, 2.66364319e+002,
       1.60176865e+002, 3.01806244e+002, 1.53548889e+002,
       3.36791260e+002, 1.47059174e+002, 3.71172089e+002,
